Liczba Obiektów	Czas w ms	Średnia
100000	30	
100000	28	
100000	25	
100000	25	
100000	22	
100000	26	
100000	23	
100000	15	
100000	6	
100000	6	
100000	6	
100000	6	
100000	7	
100000	6	
100000	6	
100000	6	
100000	6	
100000	7	
100000	6	
100000	6	
100000	6	
100000	6	
100000	6	
100000	6	
100000	6	
100000	6	
100000	6	
100000	6	
100000	6	
100000	6	
100000	6	
100000	6	
100000	7	
100000	7	
100000	7	
100000	7	
100000	7	
100000	7	
100000	7	
100000	7	
100000	6	
100000	6	
100000	6	
100000	6	
100000	6	
100000	7	
100000	6	
100000	6	
100000	6	
100000	6	
100000	6	
100000	6	
100000	7	
100000	6	
100000	6	
100000	6	
100000	6	
100000	6	
100000	7	
100000	6	
100000	6	
100000	6	
100000	6	
100000	6	
100000	6	
100000	6	
100000	6	
100000	6	
100000	6	
100000	6	
100000	8	
100000	7	
100000	6	
100000	7	
100000	6	
100000	6	
100000	6	
100000	6	
100000	6	
100000	6	
100000	6	
100000	6	
100000	7	
100000	6	
100000	6	
100000	6	
100000	6	
100000	6	
100000	5	
100000	6	
100000	7	
100000	7	
100000	7	
100000	7	
100000	6	
100000	6	
100000	6	
100000	6	7,704081633
1000000	183	
1000000	86	
1000000	69	
1000000	88	
1000000	73	
1000000	70	
1000000	67	
1000000	69	
1000000	69	
1000000	69	
1000000	78	
1000000	75	
1000000	81	
1000000	67	
1000000	68	
1000000	68	
1000000	67	
1000000	76	
1000000	70	
1000000	68	
1000000	69	
1000000	69	
1000000	69	
1000000	68	
1000000	69	
1000000	70	
1000000	71	
1000000	74	
1000000	70	
1000000	71	
1000000	69	
1000000	69	
1000000	69	
1000000	70	
1000000	69	
1000000	70	
1000000	69	
1000000	69	
1000000	69	
1000000	70	
1000000	70	
1000000	70	
1000000	70	
1000000	70	
1000000	69	
1000000	68	
1000000	70	
1000000	68	
1000000	69	
1000000	69	
1000000	68	
1000000	69	
1000000	72	
1000000	72	
1000000	70	
1000000	70	
1000000	71	
1000000	69	
1000000	69	
1000000	68	
1000000	70	
1000000	69	
1000000	72	
1000000	67	
1000000	70	
1000000	68	
1000000	70	
1000000	73	
1000000	71	
1000000	71	
1000000	71	
1000000	73	
1000000	70	
1000000	70	
1000000	70	
1000000	71	71,98684211
2000000	325	
2000000	164	
2000000	141	
2000000	166	
2000000	142	
2000000	140	
2000000	151	
2000000	146	
2000000	149	
2000000	146	
2000000	144	
2000000	143	
2000000	146	
2000000	144	
2000000	148	
2000000	149	
2000000	145	
2000000	145	
2000000	147	
2000000	147	
2000000	148	
2000000	144	
2000000	144	
2000000	142	
2000000	143	
2000000	142	
2000000	143	
2000000	142	
2000000	146	
2000000	144	
2000000	141	
2000000	142	
2000000	143	
2000000	143	
2000000	144	
2000000	151	
2000000	140	
2000000	140	
2000000	139	
2000000	144	
2000000	143	
2000000	142	
2000000	140	
2000000	139	
2000000	141	
2000000	139	
2000000	142	
2000000	142	
2000000	141	
2000000	139	
2000000	140	
2000000	140	
2000000	140	
2000000	140	
2000000	141	
2000000	150	
2000000	139	
2000000	142	
2000000	140	
2000000	142	
2000000	142	
2000000	142	
2000000	151	
2000000	141	
2000000	136	
2000000	138	
2000000	137	
2000000	138	
2000000	138	
2000000	139	
2000000	141	
2000000	140	
2000000	141	
2000000	141	
2000000	137	
2000000	137	
2000000	135	
2000000	138	
2000000	139	
2000000	135	
2000000	139	
2000000	137	
2000000	137	
2000000	138	
2000000	146	
2000000	138	
2000000	136	
2000000	137	
2000000	137	
2000000	140	
2000000	142	
2000000	139	
2000000	142	
2000000	140	
2000000	139	
2000000	142	
2000000	142	
2000000	139	
2000000	137	
2000000	142	143,9
3000000	373	
3000000	236	
3000000	236	
3000000	229	
3000000	225	
3000000	219	
3000000	219	
3000000	216	
3000000	228	
3000000	211	
3000000	218	
3000000	217	
3000000	226	
3000000	219	
3000000	220	
3000000	218	
3000000	218	
3000000	216	
3000000	219	
3000000	215	
3000000	218	
3000000	217	
3000000	214	
3000000	217	
3000000	216	
3000000	213	
3000000	217	
3000000	214	
3000000	215	
3000000	217	
3000000	213	
3000000	217	
3000000	212	
3000000	217	
3000000	215	
3000000	211	
3000000	216	
3000000	212	
3000000	215	
3000000	215	
3000000	222	
3000000	214	
3000000	218	
3000000	210	
3000000	214	
3000000	212	
3000000	212	
3000000	219	
3000000	216	
3000000	211	
3000000	217	
3000000	213	
3000000	211	
3000000	208	
3000000	213	
3000000	214	
3000000	217	
3000000	206	
3000000	215	
3000000	213	
3000000	214	
3000000	214	
3000000	217	
3000000	223	
3000000	212	
3000000	207	
3000000	213	
3000000	219	
3000000	213	
3000000	216	
3000000	214	
3000000	212	
3000000	210	
3000000	212	
3000000	211	
3000000	213	
3000000	212	
3000000	216	
3000000	211	
3000000	212	
3000000	211	
3000000	216	
3000000	207	
3000000	210	
3000000	224	
3000000	230	
3000000	223	
3000000	224	
3000000	212	
3000000	218	
3000000	209	
3000000	218	
3000000	217	
3000000	219	
3000000	214	
3000000	211	
3000000	213	
3000000	222	
3000000	209	
3000000	224	217,56
4000000	520	
4000000	321	
4000000	313	
4000000	305	
4000000	305	
4000000	301	
4000000	297	
4000000	296	
4000000	299	
4000000	294	
4000000	296	
4000000	291	
4000000	298	
4000000	291	
4000000	298	
4000000	292	
4000000	289	
4000000	295	
4000000	290	
4000000	292	
4000000	297	
4000000	291	
4000000	292	
4000000	287	
4000000	289	
4000000	293	
4000000	293	
4000000	285	
4000000	293	
4000000	287	
4000000	289	
4000000	290	
4000000	288	
4000000	295	
4000000	291	
4000000	294	
4000000	292	
4000000	286	
4000000	293	
4000000	289	
4000000	292	
4000000	293	
4000000	293	
4000000	294	
4000000	292	
4000000	292	
4000000	287	
4000000	289	
4000000	284	
4000000	293	
4000000	304	
4000000	293	
4000000	294	
4000000	284	
4000000	287	
4000000	291	
4000000	303	
4000000	291	
4000000	291	
4000000	293	
4000000	287	
4000000	295	
4000000	290	
4000000	291	
4000000	306	
4000000	293	
4000000	299	
4000000	294	
4000000	289	
4000000	289	
4000000	295	
4000000	292	
4000000	293	
4000000	289	
4000000	292	
4000000	296	
4000000	303	
4000000	288	
4000000	292	
4000000	295	
4000000	299	
4000000	305	
4000000	298	
4000000	290	
4000000	289	
4000000	287	
4000000	290	
4000000	284	
4000000	292	
4000000	292	
4000000	290	
4000000	293	
4000000	282	
4000000	287	
4000000	293	
4000000	297	
4000000	295	
4000000	291	
4000000	286	
4000000	291	295,36
10000000	1034	
10000000	798	
10000000	795	
10000000	795	
10000000	796	
10000000	797	
10000000	802	
10000000	806	
10000000	809	
10000000	795	
10000000	792	
10000000	787	
10000000	782	
10000000	791	
10000000	819	
10000000	855	
10000000	853	
10000000	807	
10000000	830	
10000000	785	
10000000	843	
10000000	837	
10000000	803	
10000000	786	
10000000	783	
10000000	769	
10000000	773	
10000000	743	
10000000	707	
10000000	762	
10000000	769	
10000000	773	
10000000	801	
10000000	697	
10000000	879	
10000000	835	
10000000	806	
10000000	786	
10000000	808	
10000000	792	
10000000	730	
10000000	684	
10000000	674	
10000000	697	
10000000	860	
10000000	856	
10000000	773	
10000000	782	
10000000	829	
10000000	812	
10000000	810	
10000000	798	
10000000	860	
10000000	816	
10000000	809	
10000000	768	
10000000	780	
10000000	789	
10000000	791	
10000000	793	
10000000	792	
10000000	849	
10000000	811	
10000000	806	
10000000	826	
10000000	790	
10000000	796	
10000000	833	
10000000	823	
10000000	821	
10000000	799	
10000000	804	
10000000	859	
10000000	812	
10000000	818	
10000000	858	
10000000	833	
10000000	813	
10000000	796	
10000000	813	
10000000	836	
10000000	809	
10000000	793	
10000000	828	
10000000	793	
10000000	783	
10000000	788	
10000000	802	
10000000	776	
10000000	790	
10000000	807	
10000000	821	
10000000	840	
10000000	874	
10000000	935	
10000000	889	
10000000	993	
10000000	841	
10000000	837	
10000000	894	808,72
