Liczba Obiektów	Czas w ms	Średnia
100000	18,9807	
100000	18,2015	
100000	19,019	
100000	19,4478	
100000	17,6898	
100000	17,1977	
100000	17,1585	
100000	17,1838	
100000	17,7272	
100000	18,3939	
100000	18,5913	
100000	17,0344	
100000	16,792	
100000	16,8196	
100000	16,783	
100000	16,6846	
100000	16,6685	
100000	17,0988	
100000	16,8329	
100000	16,7121	
100000	16,7588	
100000	16,849	
100000	16,6902	
100000	16,9576	
100000	16,7459	
100000	16,9153	
100000	19,4913	
100000	16,5609	
100000	16,8859	
100000	16,6414	
100000	16,687	
100000	17,5755	
100000	16,9833	
100000	16,8237	
100000	16,8586	
100000	17,6563	
100000	17,5288	
100000	17,1948	
100000	18,0779	
100000	23,1948	
100000	17,9713	
100000	17,4796	
100000	17,3312	
100000	16,7657	
100000	17,4852	
100000	17,4931	
100000	16,6432	
100000	18,1355	
100000	17,0995	
100000	16,5471	
100000	16,9747	
100000	17,2206	
100000	17,3216	
100000	16,4589	
100000	17,3085	
100000	17,1398	
100000	17,6476	
100000	17,2272	
100000	17,2213	
100000	17,2652	
100000	16,52	
100000	16,7366	
100000	16,7897	
100000	17,2188	
100000	16,8502	
100000	17,2139	
100000	17,2427	
100000	17,5565	
100000	17,2784	
100000	17,2366	
100000	17,3709	
100000	17,0889	
100000	17,6191	
100000	17,2737	
100000	17,2472	
100000	17,2462	
100000	17,6123	
100000	16,9417	
100000	17,5092	
100000	17,2352	
100000	17,4318	
100000	16,7982	
100000	16,9838	
100000	16,9362	
100000	16,8048	
100000	16,836	
100000	16,6918	
100000	16,9039	
100000	16,7361	
100000	16,6418	
100000	16,7038	
100000	16,8311	
100000	16,718	
100000	16,7179	
100000	16,6405	
100000	16,9068	
100000	16,5964	
100000	16,842	17,25856735
1000000	204,6474	
1000000	198,8371	
1000000	199,7594	
1000000	200,6709	
1000000	200,0957	
1000000	203,4043	
1000000	203,299	
1000000	201,1025	
1000000	199,2366	
1000000	198,4743	
1000000	203,1221	
1000000	201,2668	
1000000	196,291	
1000000	200,3606	
1000000	199,4196	
1000000	198,9493	
1000000	204,0973	
1000000	206,4239	
1000000	200,6569	
1000000	201,4342	
1000000	203,2631	
1000000	196,2742	
1000000	194,9479	
1000000	197,7158	
1000000	197,6523	
1000000	193,9715	
1000000	197,1678	
1000000	194,3918	
1000000	197,1614	
1000000	198,5044	
1000000	198,6959	
1000000	200,4522	
1000000	208,8401	
1000000	203,6894	
1000000	221,4648	
1000000	203,5079	
1000000	191,5314	
1000000	198,6568	
1000000	195,6965	
1000000	196,5421	
1000000	196,2267	
1000000	192,6768	
1000000	196,7449	
1000000	205,1939	
1000000	195,7994	
1000000	191,6855	
1000000	194,1181	
1000000	196,2352	
1000000	196,3006	
1000000	196,2355	
1000000	195,1004	
1000000	193,9135	
1000000	174,872	
1000000	194,9275	
1000000	197,5545	
1000000	189,7538	
1000000	194,7018	
1000000	192,446	
1000000	196,2962	
1000000	194,0528	
1000000	194,7065	
1000000	197,6553	
1000000	193,1704	
1000000	191,5862	
1000000	196,875	
1000000	192,5597	
1000000	172,6684	
1000000	173,4709	
1000000	201,6091	
1000000	194,3399	
1000000	193,4488	
1000000	195,1589	
1000000	192,0182	
1000000	192,2376	
1000000	198,4201	
1000000	192,5754	153,755244
2000000	430,9459	
2000000	429,2886	
2000000	418,5144	
2000000	417,1028	
2000000	417,7856	
2000000	416,9327	
2000000	410,8231	
2000000	417,7613	
2000000	415,9967	
2000000	403,2132	
2000000	423,4882	
2000000	408,5386	
2000000	418,5343	
2000000	395,9429	
2000000	366,3289	
2000000	436,1106	
2000000	448,5346	
2000000	435,7555	
2000000	438,5747	
2000000	420,5289	
2000000	424,6963	
2000000	435,0665	
2000000	427,4105	
2000000	428,8456	
2000000	421,8496	
2000000	438,5117	
2000000	456,2908	
2000000	441,605	
2000000	420,9524	
2000000	420,0983	
2000000	425,9163	
2000000	455,3058	
2000000	458,9574	
2000000	446,4208	
2000000	451,3193	
2000000	437,3833	
2000000	464,4921	
2000000	430,0243	
2000000	421,8917	
2000000	412,4859	
2000000	447,6877	
2000000	442,5182	
2000000	402,2546	
2000000	445,2481	
2000000	464,6554	
2000000	429,5571	
2000000	390,7588	
2000000	460,6972	
2000000	400,1303	
2000000	440,6047	
2000000	423,1686	
2000000	386,9612	
2000000	420,1049	
2000000	459,0899	
2000000	415,9303	
2000000	457,8904	
2000000	428,745	
2000000	444,7794	
2000000	446,9196	
2000000	419,9266	
2000000	468,5593	
2000000	414,777	
2000000	426,8607	
2000000	405,7717	
2000000	413,6487	
2000000	425,0064	
2000000	424,0825	
2000000	447,0047	
2000000	444,9144	
2000000	440,7336	
2000000	435,7527	
2000000	447,939	
2000000	441,8918	
2000000	415,8177	
2000000	413,1553	
2000000	438,2014	
2000000	457,5392	
2000000	436,4506	
2000000	451,3916	
2000000	433,3539	
2000000	427,9839	
2000000	449,2708	
2000000	436,8778	
2000000	433,1902	
2000000	432,6755	
2000000	441,6051	
2000000	469,8674	
2000000	448,0082	
2000000	420,912	
2000000	418,7445	
2000000	449,5018	
2000000	477,4301	
2000000	433,5389	
2000000	437,6586	
2000000	419,4553	
2000000	408,1225	
2000000	417,4518	
2000000	412,988	
2000000	408,7251	
2000000	418,8133	430,635261
3000000	652,4545	
3000000	653,9585	
3000000	657,9137	
3000000	676,5321	
3000000	666,0069	
3000000	668,7938	
3000000	691,2594	
3000000	668,5655	
3000000	651,7763	
3000000	701,0308	
3000000	665,4529	
3000000	680,399	
3000000	677,2075	
3000000	688,8703	
3000000	672,524	
3000000	661,8838	
3000000	665,0524	
3000000	651,9925	
3000000	655,9885	
3000000	659,8984	
3000000	671,2953	
3000000	701,6764	
3000000	712,7444	
3000000	757,1946	
3000000	776,5823	
3000000	805,8865	
3000000	705,9243	
3000000	689,4102	
3000000	715,4515	
3000000	649,3107	
3000000	692,8945	
3000000	783,5612	
3000000	708,2065	
3000000	708,9309	
3000000	700,3554	
3000000	706,7539	
3000000	669,1054	
3000000	678,2673	
3000000	704,3529	
3000000	656,5106	
3000000	639,7292	
3000000	721,816	
3000000	673,0561	
3000000	633,3224	
3000000	652,2259	
3000000	647,8524	
3000000	648,6366	
3000000	656,4603	
3000000	655,3874	
3000000	675,5505	
3000000	703,2026	
3000000	740,1721	
3000000	700,833	
3000000	675,5741	
3000000	692,5962	
3000000	683,2426	
3000000	651,0946	
3000000	654,1994	
3000000	651,9095	
3000000	658,3208	
3000000	712,889	
3000000	671,8208	
3000000	673,3214	
3000000	796,2384	
3000000	736,9733	
3000000	688,1857	
3000000	697,1134	
3000000	701,3237	
3000000	694,5039	
3000000	655,2689	
3000000	685,2807	
3000000	668,2539	
3000000	668,1013	
3000000	645,8634	
3000000	651,2259	
3000000	649,3584	
3000000	673,4734	
3000000	712,2331	
3000000	655,696	
3000000	686,7706	
3000000	671,4632	
3000000	671,8904	
3000000	679,7937	
3000000	643,8817	
3000000	660,6858	
3000000	639,85	
3000000	667,6025	
3000000	641,7291	
3000000	654,3857	
3000000	641,2754	
3000000	658,6731	
3000000	650,8518	
3000000	685,7878	
3000000	658,1851	
3000000	679,0789	
3000000	651,1986	
3000000	672,9205	
3000000	655,4408	
3000000	678,4239	
3000000	691,9467	679,561172
4000000	886,5704	
4000000	891,0718	
4000000	888,112	
4000000	880,2478	
4000000	879,8679	
4000000	895,3751	
4000000	905,4751	
4000000	875,088	
4000000	877,5975	
4000000	887,4251	
4000000	938,7443	
4000000	962,3833	
4000000	918,9585	
4000000	922,1093	
4000000	892,4123	
4000000	890,1204	
4000000	884,9991	
4000000	879,5351	
4000000	874,7393	
4000000	892,2827	
4000000	909,0951	
4000000	960,3888	
4000000	924,9639	
4000000	896,5833	
4000000	909,2326	
4000000	904,984	
4000000	940,9636	
4000000	909,6218	
4000000	914,6253	
4000000	957,995	
4000000	1006,1214	
4000000	1035,8949	
4000000	1070,3354	
4000000	999,0645	
4000000	993,4132	
4000000	907,6632	
4000000	912,978	
4000000	936,1046	
4000000	956,2259	
4000000	950,5945	
4000000	941,4687	
4000000	894,6759	
4000000	965,4209	
4000000	929,3276	
4000000	901,0488	
4000000	911,3197	
4000000	933,7633	
4000000	937,315	
4000000	984,4045	
4000000	907,5885	
4000000	901,4259	
4000000	917,09	
4000000	908,9001	
4000000	899,674	
4000000	919,1858	
4000000	884,4687	
4000000	903,5376	
4000000	891,7458	
4000000	890,5565	
4000000	981,737	
4000000	926,3017	
4000000	898,7514	
4000000	916,4608	
4000000	951,1502	
4000000	926,1388	
4000000	922,0409	
4000000	888,7961	
4000000	927,265	
4000000	861,0895	
4000000	859,9163	
4000000	852,094	
4000000	877,3313	
4000000	930,5685	
4000000	886,9022	
4000000	921,7099	
4000000	980,7222	
4000000	1205,9262	
4000000	972,8707	
4000000	906,6741	
4000000	923,0889	
4000000	915,5498	
4000000	934,9723	
4000000	905,2636	
4000000	911,912	
4000000	911,4252	
4000000	896,9251	
4000000	912,4474	
4000000	975,0117	
4000000	946,999	
4000000	947,4938	
4000000	904,5611	
4000000	940,8124	
4000000	893,3362	
4000000	897,003	
4000000	871,3517	
4000000	886,7066	
4000000	889,5287	
4000000	903,5588	
4000000	904,1505	
4000000	863,9179	920,733438
10000000	2327,5036	
10000000	2283,9314	
10000000	2283,652	
10000000	2284,3442	
10000000	2267,745	
10000000	2312,0912	
10000000	2257,8435	
10000000	2289,2569	
10000000	2261,0794	
10000000	2265,5951	
10000000	2302,8225	
10000000	2286,8002	
10000000	2282,0155	
10000000	2299,92	
10000000	2285,703	
10000000	2312,1046	
10000000	2258,8656	
10000000	2277,878	
10000000	2275,5217	
10000000	2266,1233	
10000000	2282,95	
10000000	2275,8959	
10000000	2283,0284	
10000000	2265,3838	
10000000	2256,4269	
10000000	2307,5363	
10000000	2293,1126	
10000000	2262,5319	
10000000	2295,8784	
10000000	2307,1299	
10000000	2322,7245	
10000000	2288,2419	
10000000	2365,2896	
10000000	2284,5997	
10000000	2279,0465	
10000000	2259,7894	
10000000	2284,6457	
10000000	2275,8308	
10000000	2325,0515	
10000000	2281,4868	
10000000	2323,8567	
10000000	2283,6445	
10000000	2284,7829	
10000000	2308,3668	
10000000	2289,7615	
10000000	2282,318	
10000000	2325,2867	
10000000	2274,2425	
10000000	2302,1682	
10000000	2113,2052	
10000000	2004,9219	
10000000	2104,3432	
10000000	2013,8887	
10000000	2132,8543	
10000000	1992,338	
10000000	2066,6806	
10000000	2018,5784	
10000000	1977,5199	
10000000	2061,3095	
10000000	2080,153	
10000000	2050,9606	
10000000	1990,3318	
10000000	2004,0768	
10000000	2036,7853	
10000000	2168,1676	
10000000	2092,1024	
10000000	2268,9875	
10000000	2255,3692	
10000000	2148,6733	
10000000	2122,3747	
10000000	2051,6105	
10000000	2058,0328	
10000000	2269,2336	
10000000	2187,3119	
10000000	2231,4749	
10000000	2149,3303	
10000000	2155,5871	
10000000	1996,0184	
10000000	1987,4103	
10000000	2067,4908	
10000000	2022,5421	
10000000	2146,8119	
10000000	2298,698	
10000000	2299,7777	
10000000	2298,3145	
10000000	2308,6829	
10000000	2304,2085	
10000000	2296,4529	
10000000	2282,3169	
10000000	2245,8079	
10000000	2255,3683	
10000000	2249,6304	
10000000	2256,794	
10000000	2286,0651	
10000000	2194,162	
10000000	2164,4263	
10000000	2243,7078	
10000000	2185,3934	
10000000	2029,0393	
10000000	2305,9452	2216,830726
